Run 57
Uncorrected data: vel=94.3 ft/s  Re=1.00 mill  AOA=14.04  Cl=1.410  Cdp=0.09092  Cm=-0.0616
Corrected data:   vel=95.2 ft/s  Re=1.01 mill  AOA=14.3  Cl=1.354  Cdp=0.08867  Cm=-0.0527
Wake survey not taken: Drag Coefficient by Momentum not available.
                
Surface Pressure Data, 29 upper surface points, 27 lower surface points
upper x/c, upper Cp, lower x/c, lower Cp 
0.001, -1.461, 0.001, -1.461
0.012, -3.954, 0.014, 0.818
0.026, -3.561, 0.026, 0.992
0.050, -3.101, 0.050, 0.890
0.124, -2.347, 0.073, 0.777
0.150, -2.187, 0.100, 0.657
0.174, -2.048, 0.125, 0.591
0.198, -1.922, 0.175, 0.494
0.225, -1.817, 0.200, 0.467
0.252, -1.669, 0.225, 0.443
0.302, -1.481, 0.249, 0.411
0.353, -1.275, 0.299, 0.378
0.401, -1.079, 0.402, 0.297
0.454, -0.898, 0.502, 0.258
0.553, -0.552, 0.602, 0.224
0.602, -0.422, 0.653, 0.194
0.653, -0.359, 0.704, 0.177
0.704, -0.343, 0.804, 0.092
0.755, -0.333, 0.830, 0.084
0.805, -0.345, 0.856, 0.051
0.830, -0.348, 0.881, 0.033
0.854, -0.340, 0.905, -0.005
0.878, -0.336, 0.930, -0.042
0.904, -0.328, 0.955, -0.090
0.931, -0.311, 0.981, -0.176
0.955, -0.365, 0.996, -0.266
0.980, -0.354, 1.003, -0.300
0.991, -0.331, 0.000, 0.000
1.003, -0.300, 0.000, 0.000
